planck2015_like = -413.6215151753094
planck_1_like = -407.41633935920646
planck_2_like = -6.205175816102951
