a_s = 2.19853e-09
baryon_fraction = 0.1610191646485878
cs2_de = 1.0
h0 = 0.6730713
hubble = 67.30713
k_s = 0.05000000074505806
massive_nu = 1
massless_nu = 2.046
n_run = 0.0
n_s = 0.9658
n_t = 0.0
ombh2 = 0.02224162356189467
omch2 = 0.11524366428573725
omega_b = 0.0490958
omega_c = 0.254387
omega_k = 0.0
omega_lambda = 0.6950934374355506
omega_m = 0.3049065625644493
omega_nu = 0.001423762564449339
ommh2 = 0.13813028784763193
omnuh2 = 0.000645
r_t = 0.0
sigma_8 = 0.8135994252619834
tau = 0.0781
w = -1.0
wa = 0.0
yhe = 0.24
