planck2015_like = -40060.011426950216
planck_1_like = -40050.24789848928
planck_2_like = -9.763528460934111
