planck2015_like = -3044.6742417415435
planck_1_like = -3032.280519293344
planck_2_like = -12.393722448199924
