planck2015_like = -764.1582733068174
planck_1_like = -758.2910126051819
planck_2_like = -5.867260701635416
