planck2015_like = -18583.371376338324
planck_1_like = -18559.793966455512
planck_2_like = -23.577409882810457
