planck2015_like = -4199.691532737003
planck_1_like = -4186.012927115618
planck_2_like = -13.678605621385316
