planck2015_like = -59032.92508285498
planck_1_like = -59024.35476020988
planck_2_like = -8.570322645101328
