planck2015_like = -192.99200248462748
planck_1_like = -186.37263626448953
planck_2_like = -6.619366220137948
