a_s = 2.19853e-09
baryon_fraction = 0.15590801831650808
cs2_de = 1.0
h0 = 0.6740713
hubble = 67.40713000000001
k_s = 0.05000000074505806
massive_nu = 1
massless_nu = 2.046
n_run = 0.0
n_s = 0.9658
n_t = 0.0
ombh2 = 0.02230776260555575
omch2 = 0.12013008102516035
omega_b = 0.0490958
omega_c = 0.264387
omega_k = 0.0
omega_lambda = 0.6850976586699289
omega_m = 0.31490234133007106
omega_nu = 0.001419541330071057
ommh2 = 0.1430828436307161
omnuh2 = 0.000645
r_t = 0.0
sigma_8 = 0.8354477947224882
tau = 0.0781
w = -1.0
wa = 0.0
yhe = 0.24
