planck2015_like = -396.85556256167456
planck_1_like = -388.43065778765384
planck_2_like = -8.424904774020717
