planck2015_like = -175.39508932453063
planck_1_like = -167.67392866292695
planck_2_like = -7.721160661603676
