planck2015_like = -70926.72748322855
planck_1_like = -70920.99055226953
planck_2_like = -5.736930959010095
