planck2015_like = -1346.811286047458
planck_1_like = -1336.6513012749629
planck_2_like = -10.159984772495108
