planck2015_like = -1752.8463508585146
planck_1_like = -1681.9942000533185
planck_2_like = -70.85215080519612
