planck2015_like = -784.0287373807118
planck_1_like = -774.7977114793563
planck_2_like = -9.231025901355622
