planck2015_like = -1545.6486165310348
planck_1_like = -1540.5206741536103
planck_2_like = -5.127942377424347
