a_s = 2.19853e-09
baryon_fraction = 0.15588450980873167
cs2_de = 1.0
h0 = 0.6630713
hubble = 66.30713
k_s = 0.05000000074505806
massive_nu = 1
massless_nu = 2.046
n_run = 0.0
n_s = 0.9658
n_t = 0.0
ombh2 = 0.021585633663283872
omch2 = 0.11624132669871215
omega_b = 0.0490958
omega_c = 0.264387
omega_k = 0.0
omega_lambda = 0.6850501691268751
omega_m = 0.31494983087312484
omega_nu = 0.0014670308731248272
ommh2 = 0.13847196036199602
omnuh2 = 0.000645
r_t = 0.0
sigma_8 = 0.8193394147210012
tau = 0.0781
w = -1.0
wa = 0.0
yhe = 0.24
