a_s = 2.19853e-09
baryon_fraction = 0.15592641873802335
cs2_de = 1.0
h0 = 0.6830713
hubble = 68.30713
k_s = 0.05000000074505806
massive_nu = 1
massless_nu = 2.046
n_run = 0.0
n_s = 0.9658
n_t = 0.0
ombh2 = 0.022907432620505472
omch2 = 0.12335937877043615
omega_b = 0.0490958
omega_c = 0.264387
omega_k = 0.0
omega_lambda = 0.6851348193760075
omega_m = 0.3148651806239925
omega_nu = 0.001382380623992478
ommh2 = 0.14691181139094162
omnuh2 = 0.000645
r_t = 0.0
sigma_8 = 0.8486194466108103
tau = 0.0781
w = -1.0
wa = 0.0
yhe = 0.24
