planck2015_like = -15665.482803820654
planck_1_like = -15655.307111622944
planck_2_like = -10.17569219771076
