planck2015_like = -346.90346458683666
planck_1_like = -324.2221052217488
planck_2_like = -22.681359365087843
