planck2015_like = -4499.755342585187
planck_1_like = -4356.882989021559
planck_2_like = -142.87235356362697
