planck2015_like = -25000.782162812317
planck_1_like = -24963.51929259146
planck_2_like = -37.262870220856655
