a_s = 2.19853e-09
baryon_fraction = 0.15441549005883137
cs2_de = 1.0
h0 = 0.6730713
hubble = 67.30713
k_s = 0.05000000074505806
massive_nu = 1
massless_nu = 2.046
n_run = 0.0
n_s = 0.9658
n_t = 0.0
ombh2 = 0.007095005341643423
omch2 = 0.03820749214672558
omega_b = 0.0156614
omega_c = 0.0843386
omega_k = 0.0
omega_lambda = 0.8985762374355506
omega_m = 0.10142376256444935
omega_nu = 0.001423762564449339
ommh2 = 0.045947497488369
omnuh2 = 0.000645
r_t = 0.0
sigma_8 = 0.4254434259549986
sterile_neutrino = 0
tau = 0.0781
w = -1.0
wa = 0.0
yhe = 0.24
