a_s = 2.19853e-09
baryon_fraction = 0.15590382923029505
cs2_de = 1.0
h0 = 0.6720713
hubble = 67.20713
k_s = 0.05000000074505806
massive_nu = 1
massless_nu = 2.046
n_run = 0.0
n_s = 0.9658
n_t = 0.0
ombh2 = 0.02217558270983359
omch2 = 0.11941827581798796
omega_b = 0.0490958
omega_c = 0.264387
omega_k = 0.0
omega_lambda = 0.6850891973443602
omega_m = 0.3149108026556397
omega_nu = 0.0014280026556396917
ommh2 = 0.14223885852782156
omnuh2 = 0.000645
r_t = 0.0
sigma_8 = 0.8325171895375698
tau = 0.0781
w = -1.0
wa = 0.0
yhe = 0.24
