planck2015_like = -36424.3940269386
planck_1_like = -36418.75056119057
planck_2_like = -5.64346574802596
