planck2015_like = -3526.0762940360823
planck_1_like = -3519.6541835057396
planck_2_like = -6.422110530342621
