planck2015_like = -10220.778313586163
planck_1_like = -10214.664692027713
planck_2_like = -6.113621558449722
