planck2015_like = -89386.05355014764
planck_1_like = -89365.37359418484
planck_2_like = -20.67995596280406
