planck2015_like = -203.4994204932537
planck_1_like = -198.3021360190707
planck_2_like = -5.197284474182993
