planck2015_like = -65362.53185329351
planck_1_like = -65299.28416995862
planck_2_like = -63.247683334893566
