planck2015_like = -1334.4431257409285
planck_1_like = -1307.517617870632
planck_2_like = -26.925507870296514
