planck2015_like = -2096.125615015308
planck_1_like = -2084.9121570726406
planck_2_like = -11.213457942667446
