a_s = 2.19853e-09
baryon_fraction = 0.15616930398254708
cs2_de = 1.0
h0 = 0.6730713
hubble = 67.30713
k_s = 0.05000000074505806
massive_nu = 1
massless_nu = 2.046
n_run = 0.0
n_s = 0.9658
n_t = 0.0
ombh2 = 0.03547502670821712
omch2 = 0.1910374607336279
omega_b = 0.078307
omega_c = 0.421693
omega_k = 0.0
omega_lambda = 0.4985762374355507
omega_m = 0.5014237625644493
omega_nu = 0.001423762564449339
ommh2 = 0.22715748744184502
omnuh2 = 0.000645
r_t = 0.0
sigma_8 = 0.9973239776895039
sterile_neutrino = 0
tau = 0.0781
w = -1.0
wa = 0.0
yhe = 0.24
