planck2015_like = -3710.1430548877747
planck_1_like = -3694.5065497897554
planck_2_like = -15.636505098019171
