planck2015_like = -963245.3615709165
planck_1_like = -963227.7205101091
planck_2_like = -17.641060807438663
